186,9182,29991,125,23401,288,25648,30111,173,15018,12274,4818
9501,1985,9001,8222,5240,201,3417,12008
3493,469,1794,650,5240
10530,651,17233,15502,4457,11167,1992,147,8245
355,211,169,211,2656,125,18157,2517,113,25036,145,13134
6148,14083,30111
3395,24861,143,7744,1619,1646,9096,551
19403,7845,17529,10021,271,3872,16502,143,28109,30138,551
19403,4321,2640,16276,28807,7673,11479,437,143,19834,30149,551
2640,8609,14030
20205,25254,5981,2666
13678,30140,25510,9365,9315
13678,30140,7236,2666,11183,124,3499
12966,3307,9549,3018
10472,28188,21484,183,8609,6313,872,143,6691,11841,1496,551
30087,11559,14083,30111
4697,9257,28642,590,15267,143,12712,30159,551
4697,24770,143,9980,551
9182,21512,139,24428,143,4011,30110,8010,551
18044,3657,4726,143,11074,30137,551,13369,7952,30137,9096
5387,14083,29708,9096
5387,7744,1619,1646,9096,143,11074,30142,551
4999,1960,28483,10021,271,3872
3422,6352,30119,27222,9096
16310,4321,25254,2666
7857,8010,20069
7857,8010,17989,9830
7857,30140,22155,2666,8732
13608,7177,10212,501
6918,10249,30142,9817,501
7236,2666,11183
27211,25254,24448
2688,25421,9096
2688,25915
12347,1246,30105,3657
6950,1493,14635,11613,125,2567,23953,23919,124,4321,143,21896,24700,551
6950,1493,25254,125,8537,18763,124,4321,9096,143,16230,1838,551
15644,19221,6313,872,143,6175,30135,551
18610,7177,10212,2666
734,1122,30111,3179,19821,2666,2966,26295,2202,30123
4635,2556,125,12481,17816,143,5820,6130,551,13134
186,4321,14083,25229,140,143,8924,3575,551
186,14635,11613,125,9436
186,16528,14083,9096
15181,1838,5981,2666
26817,7236,16045,143,11281,7301,30106,551
8073,26397,301,21949,8245
6067,21565,499,4924,4028
19906,499,4924
13679,1947,16822,890,8342
21949,2666,277,24271,30135,143,8930,13819,551
17094,499,4924
4639,21949,10362,908,29991
10476,21949,2666,4028
9182,21949,2666,2032,14304,30147
5544,565,186,9182,21949,14046,24467,24805,20698,872,4928
20957,9182,8609,888,17028,258,10297
4149,4511,21949,29991,30111
4149,4511,9889,2114,499,4924,11606
4149,4511,4946,11269,3569,30148,1947,16822,678,136,20518,29991,30111
186,6525,11183,6918,2666,16696,173,21949,14046
24271,30135,1478,8965,212,1939,11281
265,30171,23401,288,499,4924,6525,5982
13799,4538,1756,7041,21949,14046
6439,8905,16129,5184,29991
10749,19536,4721,16374,30111
11302,5833,16129,5240
5340,23470,30137,14158,10908,16502
16113,1148,6563,145,16129,30111
17137,1653,1149,2732,501,3850
16784,11841,136,4976,798,12598,748,5184
2068,20026,16129,13134
10987,5184,2666
18610,9231,19269,258
18610,12842,5184,29991,16502
186,24588,5602,30158,5184,16502
186,6345,173,5122,6221,1117,143,9414,4138,30140,551
15181,30140,5184,2666,2966,26295,2202,30123
355,9184,9954,1806,3850
13336,16045,173,6313,2818,15875,2666,1595,14335,22022,3227
3058,2542,30135,6120,29991,30111
13293,12940,1218,30113,5122,2666,606,452,1314
25560,30105,30110,19324
24439,16508,864,6918,16460,1092,125,5184,3115,2241
6918,13632,2666,224,3203,3563,14320,30120
19065,30156,19473,137,6120,2068,335
22223,136,8123,2666,8413,623,30116,4276,105,25690,26070,22958
9783,7055,182,30116,21704,20567
2207,856,6672,13134
27437,124,14804,9113
28330,30109,21948,21704,20567,173,7024,11273
4999,10707,30143,2666,18094,4616
18796,30148,5766,30119,224,14145,1548,5148
10547,893,141,21704,2704,2666
9849,4240,30111,2666,27438,18094,4616
16546,4628,710,7063,2046
13484,1959,30111,18094,4616
8799,5098,15337,23045,145,29991
9182,11481,25229,140
18338,21596,16460,138,2540,143,8834,1960,551
2976,10519,26397,282,1939,28143,30111,2540
27134,136,14848,5791,215,6918,2666
7604,1936,1240,13868,9182,2472,7804,30110,136,3433,24692,332,13134
4073,7679,11718,216,920,6313,5386
3395,12304,5524,143,13646,30135,551
6598,21948,277,24525,30148
12304,13205,3419,125,111,6525,2666
23401,288,6124,133,30149,1032,1710,11684
3422,22850,11684
6120,18994,14668,13134
14730,24824,27801,30106,2666,22043
21473,6352,170,1591,3422,22850,2666,14236,30111
6918,11345,586,456,13134,125,3199,4893,120,124,111,6525
1931,6525,124,2666
186,25229,140,125,12304,26169
186,4028,173,3422,2666
9414,6705,11762,1125,22850,11684
9414,5387,5440,20695
6303,19717,13795,30116,2666
2431,5024,5453,7453,2656,2666
10863,2666,277,13205,14668,9854
9182,7944,7813,13134
186,5981,22313,215,2666,21737,1718,9096,143,8694,4877,551
17590,1947,112,2666,9309,118
355,12301,6764,8179,8342,29991,30111
10245,27862,278,201,9204,6925
11501,30137,11684
14211,3485,30110,2078,106,24510
5682,16493,8815,30111,26490
20205,6920,19506,15039,501
14860,28612
14860,16669
9005,7308,20723,2666
712,19741,28612
165,1807,20189,245,30148,18269,10167,11606
17160,12687,30137,6918,2666,14384
7552,3656,9182,21801,2666
3081,3165,20522,7693,136,20264,25631,4343,6903,7308,25669,587
3165,30110,14964,30111
3165,30110,17024,2666,277,5767,30171
3165,30110,22679,30107,9096
3165,30110,10704,10754,6525,5982
9182,27746,1593,462,26618,13134,143,28527,30143,551
18834,1908,4014,26939,6038
10412,12281,30106,500,201,17663,30137
14258,125,484,3341,124,484,7483
2976,499,4924,7737,18688,2666,9309,118
6918,15589,3367,30106,27222,143,8438,30143,551
22733,3165,25918,708,525,8438,30143,501
7003,106,12783
148,30181,5966,13464,30111,3748,29731
9414,9579,2666
6525,3341,124,1745,18975
17663,30137,2256,7989,30148
504,30147,21109,2314,8523,16036,2256,7989,30148
186,2256,7989,30148,26553,9096
19662,5528,12842,2396,2666,7452,30111
8846,9224,7349,6525,9939,8354
20693,23102,353,13134,143,6171,30148,551
20693,2666,18837,125,12745,541,211,1762,30127,2666
20693,2666,20517
7084,125,20618,8266,21652,136,20966,30111,124,9922,822,10086,25940,143,4691,551
6918,12723,24754,5067,30111,21948
6259,30110,16212,13134,30111
186,4321,12156,6313,872,143,8924,6222,551
186,4321,14083,25229,140,3018,143,8924,3575,551
6525,2396,9638,9182,2396,16460,1092
712,19741,11126,9231,2256,7989,30148
563,30136,4073,20063,16989,30111,13134
166,10258,125,11256,168,125,13908,30111
17060,7693,1596,10548,3786,9787,173,5372,136,1510,3434
9922,1098,8609,12475
11935,13622,12870,10703,136,26553
14100,188,6207
13021,30148,30180,5241,5359,19424,30105,30110
9928,678,29991
3505,21132,17095,12544,1240,10703,10021,271,3872
5544,30111,3854,30172,5240
9518,2721,121,30117,17869,4255,25235,30105,30023,147,29991
16989,16295,10021,271,3872
5387,27450,30108,29991
8609,13854,143,124,18372,13854,10100,551
1722,12337,2068,795,16295
3422,9922,1098,20537,623,2540,430,355,9184
24683,7481,30140,17447,10021,271,3872,28947
28608,117,3881,14030,125,23518,126,12919
10466,8636,3557,125,1579,14518,23853
7740,872,11052,15706,16342,7577,430,16310
24467,8324,295,14182,22018,2202
6918,17646,2667,14860
4946,30151,3557,430,16310
5968,3107,30159,28560,26187,3115,962,895,137,14609,30106,21237,2892
18610,4509,10405,29991
186,17837,3180,215,28608,138,143,5767,3953,30151,551,18094,4616
11052,4920
12693,30133,8229,16989,30111,13134
17060,30107,22547,4300,6150,151,14904,1522,29991
6110,170,29991,30111,173,3434,136,3320
13205,11169,139,6313,872
8834,30148,30125,13134
8308,149,2966,26295,2202,30123,173,3434,430,3320,136,552,2716
28608,117,16989,30111,124,111,15494,143,13836,30164,551
1608,126,138,1478,457,6590,132,2666
29320,360,8858,2673,2666,7452,30111
2431,5024,112,980,128,365,339,10807
18394,20235,789,2396,19717,2666,124,6950,17436
6122,30136,15337,30136,29991
15181,30140,14804,9113,2966,26295,2202,30123
712,19741,3266,25105,30111,136,12475,2666
142,19269,30123,10977,7656,4442,915,143,5148,551
6790,2556,136,4396,29154,30111,12958,2517,113,6918,2666
1947,22421,29154,125,14126,16502,15440
3904,14791,8449,123,3179,125,14126,30111,15148
9124,16476,29154,143,7599,551,2666,9309,118
8486,14144,5484,21427,23401,288,14126,16502
24921,30105,16502,15148
186,3165,1313,30123,12833,28515,301
19676,3486,448,4882,30105,19541
186,16959,22082,11872,30142,13134
2593,21312,393,18094,4616,17978
21331,893,112,19751,151
1478,387,27515,9183,29920,30138
1478,387,27515,1132,29920,30138
10476,24401,17978,120,19751,151
14860,25124,30111,21008,6517,143,166,211,166,16428,551
14860,5122,312,12275,143,155,16428,430,6538,551
23606,17978
18471,3968,11795,647,24798,2256,11391,5139,320,29991,143,3595,16809,3307,551
14804,23529,320,5889,143,6171,14517,218,551
14804,2500,2200,125,4639,7483
23535,29852,30105,125,7177,17428,30111,5582
6918,5063,1835,509,18372,5862
26245,1338,8036,30146,1338,24251,17547,15467,501
28625,2080,189,16502,124,6577
26241,13142,30111,13854,16502,125,26241,24467,8324,295,7582,30111
18610,13120,21598,8490,138,29991,143,23602,30117,2447,551
4073,2572,1679,1578,865,10717,125,6765,1714,5472
26817,12598,2725
29091,14236,30111,501
18372,13854,8354,136,3957
6525,8331,3367,19751,151,125,13587,5116,128,9231,30111,173,24414,379,2556,28505
19642,3179,29991,30111
9965,14635,11613
25265,1939,124,13569,15134,143,14801,4247,551
5387,14321,23553,30105,9096
17137,28130,2666,6313,872
4865,692,7698
27487,30151,6918,2666,9309,118
28306,2504,6918,13134
23297,30110,6918,2556,4028,143,23695,30138,551
20957,1143,10936,850,30106,6313,872
5673,3156,30138,143,20957,551,501
22835,132,10355,8350,30123,11022,143,9439,30137,551
17382,2854,315,25180,13704,143,3595,30172,2216,1338,10697,3604,551
2159,171,6918,9889,2114,2666
6313,872,211,24358,29991,30111
5487,30171,9082,1214,501,27431
5487,30171,12039,24177,15263
1209,6188,5981
24790,896,1117,13134
18796,30151,12372,1446,2666,16502,30111
18471,2666,2556,173,1939
18471,1939,6918,2666
6918,14030,2666,9982,11391,30111
11484,226,501,2814
12039,30111,30145,17768,30118,226,501,2814,143,27431,30116,551
186,10052,7041,14258
15181,3953,20054,30146,501,3850
355,24499,20695
22679,603,11697,9723,30128,6308,30112,21030,30111
712,19741,25669,15512
13424,9537,3912,125,501,7131,277,24525,30154
19918,7899,10440,3382,30111
17756,30111,9096
18044,2666,1943,5184,125,6197,501
20212,11750,143,24525,29359,551
3179,125,7453,4862
2976,12214,20695,14030
6918,2666,11173,2006,23964,143,7104,551
27969,30128,16786,29992,3900,394,23757,29991
5696,3668,3057,5511,30112,21374,23757,2068,622,30105
5487,30171,1209,1163,14762,125,5666,2598
3765,7845,26244,118,13134
4907,30136,479,14114,9522,1347,3413,23757,16661,29945
4466,20104,1209,1163,6691,549,125,24074,2598
23580,2666,2068,622,30105,143,6765,551
23580,7024,14321,822,1074,8245
23580,7024,10908,277,7138,30164,143,1651,5493,551
4987,13566,277,24525,30151,1338,16278,5022,30106,143,4906,551
9469,30106,20804,30125,19926,6313,872
14860,21191,13983,1457
1722,360,14964,864,1997,2030,136,26558,30113,125,1764,1722,360,27515,2539
13632,7024,10908,277,24525,18048
5184,23757,2666
5550,2953,30106,6705,308
8350,938,721,30139,2517,11935,8799,290,21059,29991
7024,23757,2666
12657,15240,314,211,5840,1939,2666
9204,6925,10245,27862,112,2517,113,2666
23757,2666,173,10977,2966,8258,6411
23757,2666,173,13480,2114,5067,3680
23757,9231,125,3484,23757,2358
9414,4138,30140,1338,7138,30164,7024,5184,29991,30111
4519,5118,17413,23757,2666
712,19741,3266,9231,136,7024,2666
23175,2108,143,25820,117,15422,21801,908,16284,2666,9096,551
5791,20417,12917,1835,3189,3050,13134
13679,15758,118,3881,3179
2314,816,456,125,11208,9096
21789,458,2573,2803,1475,8230,28701,30111
4639,7024,11022
16202,30140,26339,30105,13765,1646,4906
16230,2816,30133,9182,28458,13134
6292,7024,11022,143,9967,30137,551
10476,7024,11022
9182,18618,4769,334,8815,30111,9096
3987,30109,26491,329,2666
5387,20417,2666,26490
26604,8245,173,10090,6411
3422,10908,6313,872
3422,7024,11022,7146,9256,30142
3422,6329,21704,126,1346,9096
13371,15044,8016,108,10749,2976,2666
16310,9889,215,23252,29991
7740,3203,21829,648,2666,9096
18471,13424,11126,9231
23104,14172,4028
4884,108,17419,30105,9182,11709,2944,8245,143,9808,578,7155,1761,551
6918,13765,1646,136,10508,138,2666,124,11881,430,22732,136,14404,16731
9177,12350,17822,6292,3422,2666,6327
5296,30126,25985,6120,11022,9096
5296,30126,25985,4343,2666,16502
29186,2338,9365,3965,2666,13587,13177
12661,29780,968,1939,136,3680,24448
12771,263,6058,120,24678,1454,2032,26013
16980,13025,20813,2666,7452
15181,3953,7024,4862,2666,6313,872
9414,24769,4343,13134
19490,30173,4199,30151,173,4730,19058,236,1939
10586,301,6525,5982
12977,4818,8203,15422,2666,7146
6525,11183,6918,2666
6525,263,2578,833,13134
6525,18342,30119,3018
7704,29218,6348,30105,501
21737,721,5270,211,5300,6918,12657,2966,26295,2202,30123,136,12598,748,19182,5815
5981,9469,30106,6313,872
3395,21818,10158,11208,16111,30112,16618,13596
11936,11952,220,23401,288,26490,2666
13765,11317,107,157,3841,3548,143,2289,2338,157,551
5229,29961,30109,2517,113,19918,13631,13134
7612,625,107,157,19918,13631,11684
2394,6132,1012,20202,30111,136,21801,30111
2666,18323,30111,3422,10749,2976,5966,16439,2666,6313,872
12488,28330,20691,28510
9653,15323,5966,16439,277,16310
5966,16439,2666,14030,143,9115,4877,551,277,14828
29661,14046,16965,29991
15181,11018,3933,5966,16439,29991
11935,10625,12558,2666,21741
1328,1657,28648,30105,4635,143,8560,30137,551,3850
17094,22223,3881
3165,16304,1711,13217,8799,946,488,277,18471,1939
29686,11501,30179,30140,1328,1657,28648,30105
9005,30138,17989,30107,6880,30119,2666,4928
9005,30138,17989,30107,6880,30119,2666,4906,143,18428,6222,1338,18428,3907,117,551
6918,22223,3850
20395,1328,1657,28648,30105,18095,30111
13710,30105,26227,1813,13134
11361,7545,143,14308,2976,12682,178,1757,5184,551,5240
19520,1328,1657,28648,30105,18095,30111
16057,173,7599,143,10386,30153,551
355,211,169,211,22199,125,29055,11684,143,13230,30137,551
355,211,169,211,10835,6206,6514,2040,9260,146,4928
355,211,169,211,8844,461,3680,15036,1651,5493
355,211,169,211,2976,4955,1757,22223,14648,13101
4557,864,9980,21704,6111,3841,271,9502,2666

