1109,5357,7154,9388,1104,6794,14141,22654,1116,1111,2868,140,25287
145,24312,20629,4412,6757,8519,2233,9388,1113,5384,15164
27322,1116,3068,1654,2233,9388
9126,3121,26740,1573,2723,24930,9380,8546,159,27487,7984,10146
158,119,156,119,1951,1104,8273,112,188,151,3818,27286,22929
6087,9198,6758,1116
1237,144,3818,113,27730,25959,3263,4042,114
16943,139,2660,8628,2176,3096,1732,8519,6712,113,139,20056,1658,114
16943,11558,17369,2800,15047,113,21362,17516,114
17369,15065,3371
12735,9198,18882,6063,2710,7154
142,24963,138,10582,1183,2036,1775,11135
142,24963,5096,7242,7154,2950,1107,1980
142,15517,15609,2036,1933
2896,10294,19138,27730,11428,5005,14384,15065,15041,113,142,12347,9984,2069,114
13832,2217,12913,1233,9198,6758,1116
9066,5764,1988,152,1306,2605,7441,113,25075,2346,114
9066,1212,25333,113,27157,114
5357,139,26423,1596,11300,22946,113,144,2858,24963,114
5051,3875,1323,113,6666,114,149,11607,12122,4042
4243,9198,6758,12120,17671,4042
4243,27730,25959,3263,4042,113,25259,2101,114
146,15678,1708,12727,2101,3096,1732,8519
1570,11679,1643,2107,11478,4042
13219,11558,9198,18882,6063,7154
14056,24963,5096,7242,1116
14056,24963,13429,19608
14056,2240,9198,18882,1665,7154,7554
151,2240,3048,27730,25203,1183,2233
3353,24597,2101,176,26601,15177,1116,2233
5096,7242,7154,2950
153,5821,27018,11048,9198,18882,6063,25222
21385,1658,15391,4042
21385,2349,7582
15052,9685,3875
22409,1200,20813,1104,1573,10734,19569,18837,1107,11558,113,18732,16450,9741,114
22409,1200,9198,18882,6063,1104,13982,14895,5053,3121,14499,1107,11558,4042,113,144,13675,1658,114
22087,25113,15152,15041,113,5833,1592,114
8036,27730,25203,1183,7154
1457,4064,1468,2024,7267,7154,20777,2155,15419,1183
6475,2444,1104,20312,25082,113,6663,2064,2137,114,22929
1109,11558,9198,6758,12974,113,157,1658,10583,114
1109,20813,1104,2583
1109,13907,9198,6758,4042
16991,10844,2710,7154
6896,5096,7242,17282,113,6115,2101,10595,114
2173,6718,3377,13540,10146
7650,14263,1945
5468,14263
2122,19415,22272,2961
13540,7154,1121,158,12420,113,8054,7868,114
2954,14263
1735,13540,19721,111,7154,9388
1528,13540,7154,1945
5357,13540,7154,1967,3762
6900,1158,1109,5357,13540,9091,3128,11896,10582,3946,1371
9085,5357,15065,1616,139,20876,1162,4326
24819,11189,13540,7154,27948
24819,11189,5230,4974,14263,24025
24819,11189,156,19556,2271,9664,2137,19415,25690,4807,1105,16890,25971,7154,27948
1109,1291,2950,3353,7154,9868,1111,13540,9091
158,12420,140,24891,7698,2713,6115
160,2591,6794,14263,20062
160,22332,2118,1633,3799,13540,9091
6586,16167,17028,3998,7154,9388
3156,2069,11470,141,2346,2240,158,20550,1116
24044,20009,17028,2233,9388
141,13371,8101,1708,1914,16942,6712
151,27211,2069,16653,17028,1116
151,6258,1942,2703,6379,2233,2436
153,1183,23203,1105,7085,7912,3177,11741,2883,3457,3998
20452,17298,17028,22929
6844,3998,7154
8036,144,14543,1324,2064,6530
8036,10236,3998,7154,9388,6712
1109,19892,2165,19411,3998,6712
1109,8891,1111,9059,2586,18791,7088,7257,1116,113,7414,13371,2240,114
15166,3998,7154,20777,2155,15419,1183
158,12281,22726,8952,2436
3704,17282,1111,19797,21877,21697,7154,1335,18069
8784,9949,1592,4639,7154,27948
6869,1658,28115,1233,9059,7154,1166,128,1201
140,10587,1186,13440
152,11414,2240,131,3353,12498,1104,3998,11300,16792
3353,8410,7154,1118,12556,5567,2101,1200,2087
16356,1559,6913,1813,4639,20452,5443
15727,1105,10605,1403,7154,15914,10105,1507,170,27688,3169,5262,16409,1200,14636
19016,27049,1181,8579,1116
139,5082,1566,15910,22929
6571,1116,1107,7792,9681
6877,1179,2137,6575,8579,1116,1111,3563,2750
146,1658,18019,2107,7154,6571
148,2137,2137,1635,1118,5157,8298,1368
14812,25186,8579,7154
5328,23894,1116,7154,12071,2734,6571
22989,3449
4525,138,21509,6571
9787,1942,1766,17759,7154,9388
5357,7943,12974
18926,4620,152,4832,1200,3970,3910,113,146,20647,1708,114
1305,142,2050,6718,8643,2713,24635,3910
9105,1105,12384,5987,3353,7154
16637,11127,5357,5713,17519,1105,142,20910,2116,22929
1646,13472,2746,13284,2391,12422
1237,6051,1791,113,138,12420,114
142,7235,2137,6575,1121,158,18219
6051,6483,1104,1103,1291,7154
6794,6603,2180,2036,7235,18882,1665,10910
1570,5820,10910
4639,22249,6741,22929
7885,22841,3177,21238,7154,20164,1830
5703,4373,1399,1570,5820,7154,11193,1116
3353,1658,1766,18876,5430,22929,1104,13134,1107,1103,1291
3458,1291,1107,7154
1109,12974,1104,6051,9974,1785
1109,1945,1111,1570,7154
7414,3291,6262,5412,1785,5820,10910
7414,4243,3273,16098
1531,18417,10542,7154
1203,1365,1426,2531,1951,7154
7646,7154,1121,4299,6741,5503
5357,3794,9646,22929
1109,2710,158,20688,7154,10912,4042,113,153,2591,2137,2162,114
13015,19415,1200,7154,27455
5231,5514,2961,7154,27948
3299,22627,1468,1113,157,18548
139,6258,10910
8093,3702,2572,3291,1394,25510,6013
18893,19825,7549,1116,7855
12735,18496,11780,9924,2233
7986,7476
7986,157,5123,3680
5883,12649,6923,7154
23535,7476
138,14291,6758,7860,22087,1399,2941,1392,24025
18647,21065,1708,3353,7154,10823
143,11179,4746,5357,26316,7154
16206,144,8209,22274,1105,11336,21294,14895,4253,2015,141,10719,2036,9059,13068
144,8209,21824,1116
144,8209,23665,16764,7154,1121,15278,2591
144,8209,160,12635,4042
144,8209,2249,16470,1116,20062
5357,14275,20371,22929,113,20173,20002,114
21725,22791,2974
17854,2980,129,1113,138,18019
5619,1104,1155,2182,1107,1155,3483
1305,14263,2516,144,6258,7154,27455
3353,1708,14750,1204,2107,11478,113,11570,2107,114
6750,22184,144,8209,13775,1197,1606,11570,2107,2233
5981,3425
157,5301,2614,19315,1116,3571,8702,1513
7414,8019,7154
1291,2182,1107,2967,11789
138,18019,18732,23314,2137
10351,16912,3291,15789,27608,18732,23314,2137
1109,18732,23314,2137,6563,1158,4042
142,23527,2101,10236,3225,7154,9617,1116
16580,22448,1200,1291,17898,19908
2508,13328,8836,17087,2553,22929,113,12029,2137,114
2508,13328,8836,7154,13451,1104,1143,13328,8836,119,1301,1964,7154
2508,13328,8836,7154,25647
7421,1104,142,15792,1161,9060,1116,1105,4735,1116,1107,138,15475,8436,19510,113,1387,114
3353,2101,4164,4385,2137,6575
7642,6834,2660,2064,1389,1377,22929,1116
1109,11558,146,26772,15041,113,157,19747,1592,114
1109,11558,9198,6758,12974,1933,113,157,1658,10583,114
1291,3225,6534,5357,3225,12498
23535,14966,144,14543,1324,18732,23314,2137
1275,1377,1646,11635,25246,22929
123,13745,1104,21906,1116,1104,17408
23590,12118,8702,18041,1174,4876,1111,5772,1105,1425,5393
138,15475,13851,15065,19295
16607,152,24380,27524,10294,2116,1105,6563,1158
16519,1114,12745
8784,2137,2137,3663,2831,4669,1457,9014,1186
27688,25333,7154,9388
11917,22218,153,15018,2050,5476,27524,10294,2116,3096,1732,8519
24705,1733,1559,1527,2428,2233,9388
4317,24385,5082,9697,3660,1760,10453,9190,5954,18794,7154,9388
10289,11336,27176,3096,1732,8519
4243,2036,2497,7154,9388
15065,25264,113,1107,10683,25264,14486,114
12617,15555,11336,27176
1570,138,15475,13851,10041,3910,117,158,12281
148,12150,21669,11724,3096,1732,8519,14958
20943,1174,4219,3371,1104,10142
150,27451,9272,8539,1104,1289,16674,17937
8718,2109,12071,14500,1457,4060,15818,117,13219
21158,11896,22315
3353,21496,1622,7986
156,27370,8539,117,13219
21479,18172,2346,156,26588,9265,19357,10000,15053,3017,1204,152,19515,4455,10413
8036,16406,7154,9388
1109,6605,12250,1785,20943,1158,113,15278,10783,2249,114,6571
12071,15519
7673,25246,22929
22139,16742,26010,7154,9388
9352,2707,7154,27948,1111,5393,1105,1231,24032
4299,1953,15041
146,18219,1830,22929
26835,1883,20777,2155,15419,1183,1111,5393,117,1231,24032,1105,1159,1326
20943,1174,25246,1107,1103,5469,113,149,2271,2924,114
22824,3408,1998,10605,1389,7154
8275,2162,5026,7154,9617,1116
1203,20998,6707,2116,5235,8532
17925,1116,3225,18417,7154,1107,1727,2948
157,4847,1942,5926,7154,9388
15166,7792,9681,20777,2155,15419,1183
23535,106,21632,5018,1105,19295,7154
174,2064,4164,10523,27758,13945,113,1368,114
1803,2444,1105,3529,27070,3436,112,188,3353,7154
5458,2143,1104,2051,6712,20480
11338,2024,1104,2334,27154,27922
6240,2892,2143,113,1498,114,7154,27455
155,1182,17187,23283,14136,6794,2051,6712
9727,6712,27154,27922
1109,3949,2340,191,13335,6639,5552,1905
24842,7443,7880,24839,18684,5796
1109,2562,6304,21239,2101,22929
139,24002,6571,19656
139,13791,2895,21612
140,19224,2924,15581,1568,1580,6820,12096
140,19224,2924,15581,11964,6820,12096
1528,6679,19656,1279,21612
7986,5063,26057,24818,113,123,119,123,1942,2064,114
7986,9059,126,12139,113,122,1942,2064,117,1386,114
149,4538,19656
6998,9960,12285,1162,8003,18732,8223,17121,7154,9388,113,10978,9960,10036,2346,114
7792,3291,8223,17121,5960,113,12029,1942,2556,114
7792,19996,1104,1735,3483
10697,26456,1104,27730,21341,1116,1446
3353,18447,1979,4746,10683,6097
153,9025,120,26546,2069,120,25475,1377,1126,12512,2913,2233
25345,23665,1306,6712,1107,1483
7721,2249,17540,25264,6712,1104,7721,21158,21191
8036,22171,26018,1158,7154,9388,113,156,4880,1358,14569,114
1646,11680,11943,15537,1116,26661,1104,1478,199,1349
6896,3177,11741,2883,9805
18920,11193,1116,2233
10683,25264,19908,1105,5537
1291,1942,8871,21612,1104,16409,1643,20592,2116,144,14543,9524,1111,5395,2444,24994
4522,2024,7154,27948
15240,20813
9518,1742,12207,5838,2713,1107,3291,8223,15012,15937,151,8816,2155,25982,3633,113,15531,1658,12412,114
4243,16752,21032,6758,4042
151,13371,3048,7154,15041
8690,17367
9855,2069,2249,3353,7154,27455
9048,13791,18385,3353,22929
5255,2758,3353,2444,1945,113,149,9025,1658,114
9085,16409,4184,10303,1204,15041
151,12480,15556,113,9085,114,2233
20675,6082,5751,8157,113,19416,12480,114
5096,19596,17533,13335,1813,16430,7903,113,10978,2428,12096,120,141,12323,2240,114
138,4999,3353,5230,4974,7154
15041,119,8916,7154,27948
140,21219,147,10719,1592,2233,12406
140,21219,1457,2980,2162,6639,6286
13832,25548,2710
2224,7452,22929
148,2137,2249,9610,22785,7154,26294
6998,7154,2444,1111,2713
6998,2713,3353,7154
3353,3371,7154,12786,15279
2687,7136,155,2233,3741
1457,9971,1527,1708,18408,155,2233,3741,113,12406,1181,114
1109,1994,3799,5619
12553,156,9244,2069,2233,2436
27609,16098
160,12635,19094,4616,21787,3674,1197,22205,1116
23535,9059,15300
10076,24757,5240,1104,2233,6303,1121,158,20660
5524,18463,4708,2155
20237,1116,4042
5051,7154,10840,3998,1104,3812,2233
146,13113,16396,113,158,14038,23258,114
2024,1104,2531,4052
1305,6846,16098,3371
3353,7154,14972,1116,113,11933,114
17881,1475,4269,15875,10616,7154,9388
5117,2005,108,1342,18971,1566,10616,20452,14543,1162
140,21219,13832,3484,18653,11922,1104,4214,4713
1975,139,2660,25582,22929
3887,1377,116,5554,8499,10616,15652,21879,1116
142,17308,2107,13832,3484,142,2107,11922,1104,17576,4713
9078,7154,20452,14543,1162,113,1478,114
9078,3563,16752,21032,1174,1757,10146
9078,3563,16942,1121,10722,2924,113,1290,1384,114
3396,1116,13284,1874,1121,158,2107,2249,120,17784,1197,20543,113,1381,114
144,2875,3048,10354,9518,1742,12207,1891,15041
7986,17052,19548,4125
25789,21824,131,1934,10873,1105,14869,1104,1499,25789,2924,15581,3911
8410,3563,16942,1121,158,8271,12480
3998,10616,7154
2156,17903,3291,12140,5240
5751,4487,1775,112,1806,7938,20321,7154,9388
3563,10616,7154
5313,2271,1766,2176,119,5795,2713,7154
157,18548,3299,22627,1200,112,188,7154
10616,7154,1111,10523,20777,15012,2116,3973
10616,7154,1111,14895,4974,2227,12504
10616,144,14543,1324,1104,2072,10616,1751
7414,13371,2240,120,10722,2924,3563,3998,7154,27948
1244,1311,2757,10616,7154
23535,106,144,14543,1324,1105,3563,7154
9690,17516,2137,113,8776,23419,26316,111,16223,7154,4042,114
14593,12403,155,19001,1403,13995,1116,22929
2122,10800,4219,2024
3291,18337,5430,1104,1414,4042
15586,6451,6758,16752,20080,19128,9560,1135,14587
1735,3563,8157
8099,20735,10725,1381
144,20427,26909,5357,17437,22929
1615,3563,8157,113,144,12480,114
1528,3563,8157
5357,12125,7549,1116,4042
11274,19834,7154
4243,12403,7154,7855
15969,2271,9565,2107,10146,1111,19547,3973
1570,16942,15041
1570,3563,8157,4659,19432,15735
1570,3829,3291,8223,6696,3656,4042
1600,26821,3156,1305,7154
13219,18510,15280,7154,9388
8718,12556,15197,2734,7154,4042
6998,10076,14966,144,14543,1324
4332,10858,1945
10360,8022,5357,19222,21919,2116,10146,113,151,2137,118,20173,11607,114
3353,10725,1105,17129,27989,2118,7154,1107,1652,117,2717,1105,2579,2270
1795,1124,19054,1233,1615,1570,7154,8500
153,5773,2069,6420,1813,1732,4639,8157,4042
153,5773,2069,6420,1813,1732,2015,7154,6712
1457,8741,2036,1775,26236,1162,7154,18092
27792,2713,1105,12504,25222
2245,1130,12070,16409,10294,18527,1967,2219
24342,26849,7154,9617
12553,3563,4052,7154,15041
7414,3145,2015,22929
19753,4538,23293,2249,1111,6314,18340,2713
14482,20062
3725,3491,5971,23419,7154,4659
1291,2950,3353,7154
1291,1130,1162,13284,11796,22929
1291,2101,4184,1933
23485,9025,1708,3702,1513,2233
27927,119,178,1186,3353,5313,20777,2155,15419,1183,1105,3177,11741,2883,3457,19415,7971,1777
2710,144,2875,15041
1237,19488,12896,152,4832,1777,17566
26615,19803,6794,7855,7154
140,4907,21581,2105,20380,113,5428,114
2001,16277,112,188,5079,22929
11336,8005,21581,2105,5079,10910
3066,6863,11912,1105,26316,1116
7154,8607,1116,1570,3156,1305,2614,2768,7154,15041
9322,6877,143,11922,3313,24442,1116
4641,24442,2614,2768,1121,13219
2614,2768,7154,3371,113,157,15203,2162,114,1121,150,2591
14283,1403,9091,4221,7154,9388
16991,14109,2614,2768,7154,9388
8570,152,2137,7154,2164
139,13012,156,22705,6475,113,21948,1708,114,2436
2954,15727,4219
144,8209,2162,24603,16002,157,18663,20302,1183,1121,6998,2713
5206,139,19678,2240,139,13012,156,22705
17520,13429,1182,18752,7154,1371
17520,13429,1182,18752,7154,1381,113,143,2346,9984,120,143,2346,17656,1174,114
3353,15727,2436
3562,139,13012,156,22705,24650
7382,1162,21229,22929
16513,8124,113,2124,1305,2847,3998,114,2233,9388
3506,139,13012,156,22705,24650
5371,1111,1498,113,157,12281,114
158,119,156,119,4447,1104,8373,10910,113,27378,1708,114
158,119,156,119,21057,6945,1116,1997,1106,1371
158,119,156,119,13359,6851,10245,12504,24030,1290,1384
158,119,156,119,1305,3580,15727,9218,4918
24821,131,27157,3291,8223,26883,3946,11492,10448,7154

